4 -0.404006350946 0 -0.683012701892 -4.77048955894e-16 5.55111512313e-16 1 0.319368435554
6 -0.415596188981 1 -0.275540737644 -6.93889390391e-18 2.22044604925e-16 2 0.711373047581
8 -0.421866574836 2 -0.587354359528 -2.92612613827e-16 -4.4408920985e-16 3 0.456975773113
10 -0.425803520728 3 -0.321802724232 -6.49543668651e-16 6.23618490181e-10 4 0.737869421003
12 -0.428507551001 4 -0.554025935499 1.30938266279e-14 1.59582941306e-08 5 0.536832100581
14 -0.430480289243 5 -0.344232517483 -4.52168983019e-15 8.70138872067e-09 6 0.76221714472
16 -0.431983467516 6 -0.535776894118 4.06067425507e-15 1.62152001382e-07 7 0.592225018686
18 -0.4331670271 7 -0.358075312384 -1.1650129273e-15 3.68632451231e-08 8 0.783563816823
20 -0.434123271827 8 -0.523917137485 5.47821607955e-15 5.40981218378e-07 9 0.63421765958
22 -0.434911857887 9 -0.367652893256 -2.03776603e-15 9.40100770563e-08 10 0.802209878389
24 -0.435573511447 10 -0.515468386115 5.7654432579e-15 1.14776066684e-06 11 0.66772071955
26 -0.436136365778 11 -0.374742479263 -3.73008788367e-15 1.82474586996e-07 12 0.818562007225
28 -0.43662129385 12 -0.509094160545 1.64451819404e-14 1.92534836541e-06 13 0.695332405669
30 -0.437043080543 13 -0.380230583239 -5.35384882595e-15 2.99860536845e-07 14 0.832977248033
32 -0.437413691996 14 -0.504092747152 8.07947458936e-15 2.81011940606e-06 15 0.718598069826
34 -0.437741452692 15 -0.384616371372 5.32599240047e-15 4.41368482651e-07 16 0.845748129511
36 -0.438033874946 16 -0.500055296249 -3.15014941216e-15 3.74905263012e-06 17 0.738516295316
38 -0.438295834742 17 -0.388205505161 8.57014129395e-15 6.01418046253e-07 18 0.857111986643
40 -0.438532427781 18 -0.496725184107 3.25854252435e-15 4.70284096266e-06 19 0.755773167609
42 -0.438746547377 19 -0.39119709892 1.01814020946e-14 7.74567440409e-07 20 0.867262466493
44 -0.438941890334 20 -0.493932047375 1.61646005825e-14 5.644224361e-06 21 0.770862691804
46 -0.439120142778 21 -0.393727194585 8.88413894859e-16 9.55957569992e-07 22 0.876359129033
48 -0.439284147042 22 -0.4915577184 1.15162938322e-14 6.55527359539e-06 23 0.78415388212
50 -0.439434820677 23 -0.395892340257 3.50603708121e-15 1.14147672892e-06 24 0.884534824678
52 -0.439574459234 24 -0.489517287821 -5.71931553766e-14 7.42487766925e-06 25 0.79593060738
54 -0.439703473683 25 -0.397763217135 -7.8931746054e-14 1.32777519568e-06 26 0.89190125891
56 -0.439823794729 26 -0.487747943069 2.18320099412e-14 8.24674595234e-06 27 0.806416517702
58 -0.439935490467 27 -0.399392928006 4.60929520802e-14 1.51220648748e-06 28 0.898553197546
60 -0.440040238555 28 -0.486202069681 3.28020623901e-15 9.01791747654e-06 29 0.8157913243
62 -0.440137870407 29 -0.400822255194 3.09738163123e-14 1.69273862249e-06 30 0.904571674837
64 -0.440229881655 30 -0.484842815765 9.18021084498e-15 9.73768363499e-06 31 0.82420182457
66 -0.440315938116 31 -0.402083115795 1.80602535422e-14 1.86785848788e-06 32 0.910026470522
68 -0.440397399875 32 -0.483641143568 -2.22583724455e-14 1.04068232124e-05 33 0.831769603202
70 -0.440473815994 33 -0.403200901506 -2.13135580148e-14 2.03648075781e-06 34 0.914978046676
72 -0.440546442267 34 -0.482573812828 -3.43772048588e-15 1.10270656052e-05 35 0.838596556967
74 -0.440614745312 35 -0.404196104775 1.00559988667e-14 2.19786645528e-06 36 0.919479080818
76 -0.440679898188 36 -0.48162196688 3.53256242617e-14 1.16007174391e-05 37 0.844768951337
78 -0.440741309612 37 -0.405085474844 8.94119610436e-14 2.35155299055e-06 38 0.923575693468
80 -0.440800085136 38 -0.48077011962 8.12685286905e-14 1.21304052889e-05 39 0.850360460356
82 -0.440855593409 39 -0.405882856189 -1.42304401816e-14 2.4972951771e-06 40 0.927308441521
84 -0.440908883491 40 -0.480005415609 6.22379853546e-14 1.2618900239e-05 41 0.855434485903
86 -0.440959297072 41 -0.40659980752 -1.45222782367e-13 2.63501664932e-06 42 0.930713129937
88 -0.441007834871 42 -0.479317080336 -1.11872012034e-14 1.30690000247e-05 43 0.860045955565
90 -0.44105382136 43 -0.407246066132 4.02664640048e-14 2.76477016203e-06 44 0.933821480845
92 -0.441098215085 44 -0.478696005423 4.04461891496e-14 1.34834515529e-05 45 0.864242736286
94 -0.441140330586 45 -0.407829901296 -7.31723349413e-14 2.88670545023e-06 46 0.936661689548
96 -0.441181089011 46 -0.478134431261 5.92898668529e-15 1.3864901578e-05 47 0.868066760115
98 -0.44121980045 47 -0.408358386753 3.37188637472e-14 3.00104356432e-06 48 0.93925888991
100 -0.441257352422 48 -0.477625701091 7.31813427132e-15 1.42158669375e-05 49 0.871554931002
100 -0.441257157511 49 -0.408613194106 -7.70789072217e-14 3.05401231171e-06 50 0.940441308873
100 -0.441257350025 50 -0.477618216812 7.4812687512e-14 1.41986367923e-05 51 0.871371471341
100 -0.441257154925 51 -0.408587527539 -1.26650355107e-13 3.0344184565e-06 52 0.940108150827
100 -0.441257344951 52 -0.477671429274 -6.83389163401e-14 1.4104440855e-05 53 0.870737370392
100 -0.441257150698 53 -0.408503087193 -8.48045524321e-14 2.99825432482e-06 54 0.93944640178
100 -0.441257338225 54 -0.477784749272 -1.06435015966e-13 1.39532501531e-05 55 0.869654005606
100 -0.441257145547 55 -0.408358128935 1.25270289408e-13 2.94708961857e-06 56 0.93845761301
100 -0.441257330579 56 -0.477960757975 -2.4889928985e-13 1.37514158369e-05 57 0.868113739381
100 -0.441257140106 57 -0.408149410489 1.34452714397e-13 2.8816342863e-06 58 0.937137014028
100 -0.441257322651 58 -0.478203032064 -2.43431360139e-13 1.35009590501e-05 59 0.866100846312
100 -0.44125713498 59 -0.407872910067 2.50319005162e-13 2.80222696336e-06 60 0.935473391802
100 -0.441257315055 60 -0.47851604666 -1.78976164401e-13 1.32018153925e-05 61 0.863590938887
100 -0.441257130786 61 -0.407523578324 2.2629404979e-13 2.70898783916e-06 62 0.93344892047
100 -0.441257308419 62 -0.4789055252 -1.12285750359e-13 1.28525940813e-05 63 0.860549838689
100 -0.441257128179 63 -0.407094927241 1.01541025615e-13 2.60190117785e-06 64 0.931038677865
100 -0.441257303421 64 -0.479378875117 9.52018954122e-15 1.24509044537e-05 65 0.856931974593
100 -0.441257127876 65 -0.406578562062 5.23610187598e-14 2.48087513866e-06 66 0.92820979219
100 -0.441257300808 66 -0.479945696375 -2.17510200389e-14 1.19935224983e-05 67 0.852678184656
100 -0.44125713068 67 -0.405963618493 6.76608698539e-14 2.34579585989e-06 68 0.924920164269
100 -0.441257301421 68 -0.480618420913 -5.37282485212e-14 1.14764909754e-05 69 0.847712701819
100 -0.4412571375 69 -0.405236031884 1.8799102425e-13 2.19658657974e-06 70 0.921116668994
100 -0.441257306207 70 -0.481413169089 8.20371738207e-15 1.08952018238e-05 71 0.841938994389
100 -0.44125714937 71 -0.404377537003 -2.90837097244e-14 2.03328086035e-06 72 0.916732678686
100 -0.441257316231 72 -0.482350945354 1.83660920673e-13 1.02445015941e-05 73 0.835233965565
100 -0.44125716745 73 -0.40336425004 -3.95094045913e-14 1.8561202344e-06 74 0.911684665782
100 -0.441257332664 74 -0.483459358801 4.21721847981e-14 9.51887005485e-06 75 0.827439745293
100 -0.44125719302 75 -0.402164600657 -9.40916418943e-14 1.66568900561e-06 76 0.905867516265
100 -0.441257356739 76 -0.484775167298 -7.33502749642e-14 8.71274846337e-06 77 0.818351853509
100 -0.441257227436 77 -0.400736231501 -3.21895728659e-15 1.46310356608e-06 78 0.899147991005
100 -0.441257389651 78 -0.486348148599 4.4326318332e-14 7.82114976849e-06 79 0.807701725635
100 -0.441257272022 79 -0.399021205755 -7.248887295e-14 1.25027934383e-06 80 0.891355463243
100 -0.441257432352 80 -0.488247185589 1.13375427753e-14 6.84078885982e-06 81 0.795130165474
100 -0.44125732785 81 -0.396938332263 1.74088428542e-14 1.03030477772e-06 82 0.882268557066
100 -0.441257485157 82 -0.490570206949 7.41528759511e-14 5.7721797343e-06 83 0.780145579809
100 -0.441257395329 83 -0.394370343419 -1.2455127702e-13 8.07954715354e-07 84 0.871595475905
100 -0.441257547035 84 -0.493461197356 8.0270425723e-14 4.62355746911e-06 85 0.762055368744
100 -0.441257473443 85 -0.391141339365 -5.0854621485e-15 5.9035975053e-07 86 0.858944410451
100 -0.441257614423 86 -0.49714102051 1.23026724442e-13 3.41828935291e-06 87 0.739846878174
100 -0.441257558455 87 -0.386974469827 -1.12799451278e-13 3.87768899657e-07 88 0.843778110332
100 -0.441257679474 88 -0.501967479213 -1.11598339077e-13 2.20889768698e-06 89 0.711965417242
100 -0.441257641933 89 -0.381405683439 4.65977197658e-14 2.14064828419e-07 90 0.82534327161
100 -0.441257728562 90 -0.50856409466 9.20016016495e-15 1.10231506845e-06 91 0.67585675282
100 -0.441257708794 91 -0.373587310093 8.83867242227e-14 8.58339440635e-08 92 0.802562614301
100 -0.441257746093 92 -0.518135551738 -5.0480788576e-14 2.92492896459e-07 93 0.626871288194
100 -0.441257740339 93 -0.36176438859 1.17725702996e-13 1.6555341098e-08 94 0.773892374699
100 -0.441257739749 94 -0.533412474256 -1.36046908331e-13 1.11022302463e-16 95 0.554907802994
100 -0.441257739749 95 -0.34149062009 2.43497997968e-13 0.0 96 0.737329605651
100 -0.441257739749 98 -0.651821050464 1.08687364664e-13 -2.22044604925e-16 1 0.428923793197
100 -0.441257739749 97 -0.296172721573 -7.98269599294e-14 5.3290705182e-15 2 0.737329605651
100 -0.441257739749 96 -0.56260203634 1.26084960615e-13 1.11022302463e-16 3 0.554907802994
100 -0.441257740339 95 -0.341490858674 -6.83836187156e-14 1.65553368792e-08 4 0.773892374699
100 -0.441257746251 94 -0.533413178352 8.8926125815e-14 2.92458527174e-07 5 0.626872095352
100 -0.441257742495 93 -0.361765266243 -1.85349214885e-14 8.85338543588e-08 6 0.802702253176
100 -0.441257763446 92 -0.51813669947 -2.32075965297e-14 1.14691954611e-06 7 0.67601605421
100 -0.441257746144 91 -0.373605854846 -3.95271736484e-14 2.27294851163e-07 8 0.825829089419
100 -0.44125778686 90 -0.508547129976 1.04660661512e-15 2.37523526569e-06 9 0.712525494777
100 -0.441257750623 89 -0.381466442537 6.18871057679e-14 4.20526752754e-07 10 0.844753996371
100 -0.441257812069 88 -0.501906647008 -5.45568415612e-14 3.75167383015e-06 11 0.740985484809
100 -0.441257755263 87 -0.387096080422 1.98869597141e-14 6.4943257172e-07 12 0.860474778872
100 -0.441257836426 86 -0.497017267883 -7.79780360833e-14 5.13164135718e-06 13 0.763860132499
100 -0.441257759598 85 -0.391334343576 9.41676766539e-14 8.9688339866e-07 14 0.873683714663
100 -0.441257858629 84 -0.493264222314 -6.46665067414e-14 6.43882593754e-06 15 0.782631620555
100 -0.441257763357 83 -0.394638448083 -5.65678383855e-14 1.14967096798e-06 16 0.884878419047
100 -0.441257878175 82 -0.490296899703 -2.39308508583e-14 7.63871344622e-06 17 0.798263374017
100 -0.441257766412 81 -0.397280185302 -5.20085209166e-14 1.39843497815e-06 18 0.894427700493
100 -0.441257894983 80 -0.487899606538 -6.73027985339e-15 8.71985204498e-06 19 0.811417811366
100 -0.441257768722 79 -0.399431960441 2.48946439092e-14 1.63691805399e-06 20 0.902611795657
100 -0.441257909181 78 -0.485931815354 1.90086119588e-14 9.68273526047e-06 21 0.822569976972
100 -0.4412577703 77 -0.401208774367 7.49322614591e-16 1.86116247136e-06 22 0.909647924706
100 -0.441257920988 76 -0.484297755158 -1.35743304618e-13 1.05335841252e-05 23 0.832071695998
100 -0.441257771187 75 -0.402690470346 4.0859209191e-14 2.06883576226e-06 24 0.915707132513
100 -0.441257930654 74 -0.482929758964 -5.96958192513e-14 1.12809671858e-05 25 0.840190089952
100 -0.441257771442 73 -0.403934304572 2.09558593894e-13 2.2587149221e-06 26 0.92092575065
100 -0.441257938426 72 -0.481778601453 3.15837308563e-14 1.19340065433e-05 27 0.847131863773
100 -0.441257771127 71 -0.404982425211 -2.77285112189e-14 2.43030880898e-06 28 0.925413413922
100 -0.441257944535 70 -0.480807622244 1.33165261587e-13 1.25014561634e-05 29 0.85305924427
100 -0.44125777031 69 -0.40586651567 2.96293785134e-14 2.58358794636e-06 30 0.929258794591
100 -0.441257949186 68 -0.479989008445 1.6463147848e-13 1.29912524321e-05 31 0.858100786933
100 -0.441257769055 67 -0.406610782971 -1.84187975066e-14 2.71879278047e-06 32 0.932533777319
100 -0.441257952562 66 -0.479301362758 -7.02874715895e-16 1.34103127584e-05 33 0.862358900956
100 -0.441257767423 65 -0.407233942334 -1.28411922751e-13 2.83629758324e-06 34 0.935296536861
100 -0.441257954819 64 -0.478728064279 2.00083629135e-13 1.37644533701e-05 35 0.865915201772
100 -0.441257765472 63 -0.40775057382 -2.05357200361e-13 2.93651166228e-06 36 0.937593819467
100 -0.441257956089 62 -0.478256131359 2.77299630334e-13 1.40583480537e-05 37 0.868834380638
100 -0.441257763257 61 -0.408172077864 -2.27765401076e-13 3.01980368866e-06 38 0.939462625011
100 -0.441257956481 60 -0.477875406893 2.03265125543e-13 1.42954716295e-05 39 0.871167033612
100 -0.441257760826 59 -0.408507373902 -1.8866416811e-13 3.08643705305e-06 40 0.940931415684
100 -0.441257956077 58 -0.477577948263 2.08768291825e-13 1.44779703835e-05 41 0.872951741187
100 -0.441257758226 57 -0.408763440198 -1.98771751283e-13 3.13650279005e-06 42 0.942020924492
100 -0.44125795493 56 -0.47735753921 7.26786388234e-14 1.46063592235e-05 43 0.874216590233
100 -0.441257755494 55 -0.408945765564 -2.24597220027e-13 3.16983069748e-06 44 0.942744598142
100 -0.441257953053 54 -0.47720926786 2.32059847954e-13 1.46787616794e-05 45 0.874980236551
100 -0.441257752664 53 -0.409058748466 -1.40663773218e-13 3.18582701686e-06 46 0.943108705598
100 -0.44125795038 52 -0.477129184877 2.05818109951e-13 1.46886064873e-05 47 0.875252391872
100 -0.441257749751 51 -0.409105933845 5.76593809455e-14 3.18295647994e-06 48 0.943112317967
100 -0.441258563497 50 -0.47665547296 7.59876645114e-14 1.50258342326e-05 49 0.878580343221
100 -0.441258359385 49 -0.409571703557 -1.35788292231e-14 3.30171510554e-06 50 0.945561420535
100 -0.44125856161 48 -0.476647379188 -4.49581981344e-14 1.5048851314e-05 51 0.878460726204
100 -0.441258356938 47 -0.409547813897 7.36662182535e-14 3.29441706537e-06 52 0.945335278868
100 -0.441258558769 46 -0.476702150008 5.76442376905e-14 1.500982853e-05 53 0.877903011548
100 -0.44125835428 45 -0.409462888187 8.23430679111e-14 3.27076380735e-06 54 0.944789948549
100 -0.441258555103 44 -0.476818712515 -6.94615941372e-14 1.49195733905e-05 55 0.876899752606
100 -0.441258351373 43 -0.40931588034 4.52047728135e-14 3.23152730219e-06 56 0.943918184459
100 -0.441258550611 42 -0.476999329588 -4.89299424003e-14 1.47800781378e-05 57 0.875434412575
100 -0.441258348186 41 -0.409103650615 2.29701315206e-13 3.17671508721e-06 58 0.942707095965
100 -0.441258545256 40 -0.477247814994 -1.16799920972e-13 1.45905722952e-05 59 0.873482071372
100 -0.441258344689 39 -0.408821762168 8.64340371466e-14 3.10607054876e-06 60 0.941137721273
100 -0.441258538982 38 -0.477569288276 1.13781732517e-14 1.43487992454e-05 61 0.871008839225
100 -0.441258340859 37 -0.408464419261 -1.15003797772e-13 3.01917314327e-06 62 0.939184572039
100 -0.441258531719 36 -0.47797036362 1.37982421814e-13 1.40513508133e-05 63 0.867970736316
100 -0.441258336678 35 -0.4080241972 -9.11803049513e-14 2.9154903326e-06 64 0.936814950695
100 -0.441258523381 34 -0.478459473105 3.62416056909e-14 1.36937532953e-05 65 0.864312110698
100 -0.441258332128 33 -0.407491667167 -8.33495192353e-14 2.7944241765e-06 66 0.933987979385
100 -0.441258513868 32 -0.479047299346 1.15836668328e-13 1.32704754406e-05 67 0.859963498124
100 -0.441258327198 31 -0.406854897681 -1.74922003829e-13 2.65536643007e-06 68 0.930653282738
100 -0.441258503065 30 -0.479747357044 1.7895668942e-13 1.2774915399e-05 69 0.85483874008
100 -0.441258321882 29 -0.406098776368 -1.57940421722e-13 2.49777197459e-06 70 0.926749238469
100 -0.441258490839 28 -0.480576794753 -5.76398195666e-14 1.21994066826e-05 71 0.848831077055
100 -0.441258316182 27 -0.40520406322 1.65457857376e-14 2.32126136501e-06 72 0.922200665908
100 -0.441258477044 26 -0.481557527524 -2.42118879199e-14 1.15352915036e-05 73 0.841807784064
100 -0.441258310108 25 -0.404146036872 -7.55664756843e-14 2.12576650016e-06 74 0.916915758749
100 -0.44125846152 24 -0.482717875724 1.25479264295e-13 1.07731405018e-05 75 0.83360267118
100 -0.441258303687 23 -0.402892510762 2.41836855344e-14 1.91173729402e-06 76 0.910781971571
100 -0.441258444105 22 -0.484094997874 -2.25543596386e-13 9.90325379158e-06 77 0.824005357003
100 -0.441258296967 21 -0.401400846031 1.48410065704e-13 1.68043251625e-06 78 0.903660416495
100 -0.441258424647 20 -0.485738608272 -1.7308055759e-13 8.91668005998e-06 79 0.812745489443
100 -0.441258290022 19 -0.399613312485 2.27089538241e-13 1.43432242639e-06 80 0.895378074117
100 -0.441258403039 18 -0.487716851271 -2.58456870814e-13 7.8071706503e-06 81 0.799468729371
100 -0.441258282963 17 -0.397449619522 2.40748130863e-13 1.17763036023e-06 82 0.885716690964
100 -0.44125837928 16 -0.490125956446 -1.97388776873e-13 6.57479954425e-06 83 0.783698656807
100 -0.441258275953 15 -0.394794364931 2.66019980566e-13 9.17024673974e-07 84 0.874396466999
100 -0.441258353578 14 -0.493106876466 -1.60026451725e-13 5.23249998385e-06 85 0.764773225685
100 -0.441258269214 13 -0.391474821724 2.45108033059e-13 6.62412608321e-07 86 0.861051214627
100 -0.441258326553 12 -0.496875670756 -3.25611540226e-13 3.81751060274e-06 87 0.741731931964
100 -0.441258263046 11 -0.38721901032 3.03463900398e-13 4.27617208087e-07 88 0.845188953934
100 -0.441258299566 10 -0.501783212552 -3.02865886667e-13 2.41019982505e-06 89 0.713098941364
100 -0.441258257817 9 -0.381569740291 2.64880296042e-13 2.30282112712e-07 90 0.826126685119
100 -0.441258275218 8 -0.508444353053 -2.26444446419e-13 1.15977913095e-06 91 0.676420467992
100 -0.441258253942 7 -0.37368778167 2.47989478209e-13 8.93437235305e-08 92 0.802879045081
100 -0.441258257707 6 -0.518056807376 -1.9318079173e-13 2.94617691909e-07 93 0.62712494541
100 -0.441258251753 5 -0.361824849525 2.4150713824e-13 1.66482788666e-08 94 0.773977110859
100 -0.44125825116 4 -0.533357351128 -9.19223396944e-14 -1.11022302463e-15 95 0.555039500656
100 -0.44125825116 3 -0.341528306001 1.64641970624e-13 2.6645352591e-15 96 0.737355983096
100 -0.44125825116 0 -0.651806805595 2.38857544854e-13 1.55431223448e-15 1 0.428971031406
100 -0.44125825116 1 -0.296189616159 -5.9699641064e-14 2.6645352591e-15 2 0.737355983096
100 -0.44125825116 2 -0.562568850184 1.25277067366e-13 -1.55431223448e-15 3 0.555039500656
100 -0.441258251753 3 -0.341528545867 -1.20941757315e-13 1.66482773123e-08 4 0.773977110859
100 -0.441258257706 4 -0.533358059205 1.02051973676e-13 2.9461691553e-07 5 0.627124947803
100 -0.44125825393 5 -0.361825727578 -1.49484081246e-13 8.93516356459e-08 6 0.802879300371
100 -0.441258275208 6 -0.518058772394 3.30351434955e-13 1.15991201577e-06 7 0.67642074348
100 -0.441258257739 7 -0.373689347847 -2.3312728258e-13 2.30353576436e-07 8 0.826128348102
100 -0.441258299497 8 -0.508447163534 3.07427275978e-13 2.41114968003e-06 9 0.71310073086
100 -0.441258262782 9 -0.381571904023 -2.52475558563e-13 4.27895112454e-07 10 0.845194307257
100 -0.441258326319 10 -0.501786294037 3.51111280756e-13 3.82055423898e-06 11 0.741737750437
100 -0.441258268595 11 -0.387221737676 -2.21436018529e-13 6.63122113664e-07 12 0.86106336338
100 -0.441258353022 12 -0.496878497887 2.38509015149e-13 5.23913364914e-06 13 0.764786572782
100 -0.441258274773 13 -0.391478201692 -1.76458239957e-13 9.18434267749e-07 14 0.874418819452
100 -0.441258378207 14 -0.49310896912 1.93603835983e-13 6.58635301554e-06 15 0.783723471595
100 -0.441258281009 15 -0.39479860204 -1.8724772764e-13 1.18000705551e-06 16 0.885752496426
100 -0.441258401241 16 -0.490126862044 3.09491147987e-13 7.82459753912e-06 17 0.799508878216
100 -0.441258287082 17 -0.397454997137 -2.20050198088e-13 1.43789804352e-06 18 0.895430118591
100 -0.441258421911 18 -0.487716144509 1.77433768226e-13 8.94051068201e-06 19 0.812804405412
100 -0.441258292845 19 -0.39962015064 -2.36773110856e-13 1.68538522938e-06 20 0.903730875729
100 -0.441258440232 20 -0.485735901357 2.30608897456e-13 9.93364321955e-06 21 0.824085842744
100 -0.441258298205 21 -0.401409465126 -1.8007756346e-14 1.91818631001e-06 22 0.910872384286
100 -0.441258456329 22 -0.484089952207 -7.92090189012e-14 1.08099559899e-05 23 0.833706834626
100 -0.441258303111 23 -0.402903205344 4.55781415485e-14 2.13377593927e-06 24 0.917027078712
100 -0.441258470373 24 -0.482710209903 -2.33410662217e-13 1.15782061501e-05 25 0.841937067599
100 -0.441258307536 25 -0.404159059957 1.19635682247e-13 2.33084931134e-06 26 0.922333359408
100 -0.441258482547 26 -0.481547019886 7.22833522638e-14 1.22479836524e-05 27 0.848986345801
100 -0.441258311473 27 -0.405219619802 6.24725753645e-14 2.50892210329e-06 28 0.926903403832
100 -0.441258493032 28 -0.480563280597 -2.04926611162e-13 1.28286773252e-05 29 0.855020403604
100 -0.441258314928 29 -0.406117024177 7.83758772943e-14 2.66804022497e-06 30 0.93082877722
100 -0.441258501992 30 -0.479730721484 -5.88187539039e-14 1.33289591941e-05 31 0.860171648169
100 -0.441258317913 31 -0.40687595324 5.22608418672e-14 2.80857281476e-06 32 0.934184545388
100 -0.441258509573 32 -0.479027466967 -1.76385598835e-14 1.37565526122e-05 33 0.864546664323
100 -0.441258320443 33 -0.407515615488 1.89050785711e-13 2.9310658104e-06 34 0.93703233792
100 -0.441258515902 34 -0.478436395479 -2.77063833302e-13 1.41181499724e-05 35 0.868231578927
100 -0.441258322535 35 -0.408051103828 2.89881745723e-14 3.03613850816e-06 36 0.939422655684
100 -0.441258521084 36 -0.477944005472 -3.85442410411e-14 1.44194019294e-05 37 0.871295966005
100 -0.441258324205 37 -0.408494343788 -2.95493711693e-14 3.12440974348e-06 38 0.941396619217
100 -0.441258525207 38 -0.477539612824 4.89520804534e-14 1.46649292592e-05 39 0.873795728927
100 -0.441258325467 39 -0.408854772686 2.24451050939e-13 3.19644292524e-06 40 0.942987290856
100 -0.441258528337 40 -0.477214768662 -9.10675208203e-14 1.48583189827e-05 41 0.875775246032
100 -0.441258326331 41 -0.409139838914 -5.20861125227e-14 3.2527006415e-06 42 0.944220660601
100 -0.441258530518 42 -0.476962825946 -9.05214285148e-14 1.50020483265e-05 43 0.877268967712
100 -0.441258326804 43 -0.409355377975 1.89769234398e-13 3.29349574546e-06 44 0.945116359941
100 -0.441258531769 44 -0.476778614738 -1.66256683984e-13 1.50971693926e-05 45 0.878302567803
100 -0.441258326886 45 -0.40950588377 1.13083370792e-14 3.31889663507e-06 46 0.945688176812
100 -0.441258532059 46 -0.476658249855 -1.5986666743e-13 1.51420636567e-05 47 0.878893587941
100 -0.441258326556 47 -0.409594570802 1.27025594091e-13 3.3282350389e-06 48 0.945944596419
100 -0.441258499382 48 -0.476548374988 2.42695945805e-14 1.52277493393e-05 49 0.879523226587
100 -0.441258292795 49 -0.409674601449 3.26433182514e-14 3.34966137228e-06 50 0.946293609948
100 -0.441258498662 50 -0.476547131227 -7.2766296569e-14 1.52148918784e-05 51 0.879325484148
100 -0.441258292018 51 -0.409645151751 -1.57885348946e-14 3.33664238805e-06 52 0.946002093486
100 -0.441258497172 52 -0.476607407917 2.54371759659e-13 1.51558084138e-05 53 0.878697797253
100 -0.441258290973 53 -0.409554626658 -1.64153606632e-13 3.30882844857e-06 54 0.945399626045
100 -0.441258494902 54 -0.476729897047 1.71720768166e-13 1.50516899777e-05 55 0.877630176867
100 -0.441258289634 55 -0.409401483764 4.37627398783e-14 3.26616604096e-06 56 0.944476953905
100 -0.44125849182 56 -0.476916854051 -2.61872500681e-14 1.49015062154e-05 57 0.876104869691
100 -0.44125828798 57 -0.409182822409 -4.88283895027e-14 3.20836604051e-06 58 0.943219529342
100 -0.441258487878 58 -0.477171842723 1.74477552089e-13 1.47031244839e-05 59 0.874096076258
100 -0.441258285993 59 -0.40889443877 -1.0680985515e-14 3.13500347815e-06 60 0.941607134351
100 -0.441258483014 60 -0.477499800635 8.81746254787e-14 1.44535130483e-05 61 0.871569181471
100 -0.441258283655 61 -0.408530679513 -4.1455707199e-13 3.04554920461e-06 62 0.939613336796
100 -0.441258477151 62 -0.477907238283 9.49855428686e-14 1.41487598826e-05 63 0.868479607878
100 -0.441258280949 63 -0.408084195965 -3.30384120262e-13 2.93939803542e-06 64 0.937204733451
100 -0.441258470198 64 -0.478402533151 7.09764685176e-14 1.37840403307e-05 65 0.864771238265
100 -0.441258277857 65 -0.407545598537 -6.29360421471e-14 2.81590435969e-06 66 0.934339933732
100 -0.441258462046 66 -0.47899633771 6.7856283743e-15 1.33535711868e-05 67 0.860374286058
100 -0.441258274361 67 -0.406902978832 -1.70950561107e-15 2.67443191859e-06 68 0.930968219385
100 -0.441258452567 68 -0.479702144938 -9.3513521579e-15 1.28505725916e-05 69 0.855202424659
100 -0.441258270447 69 -0.406141244079 8.79142009639e-14 2.51442479637e-06 70 0.92702778643
100 -0.441258441614 70 -0.48053708069 1.14230321166e-14 1.22672645855e-05 71 0.849148890989
100 -0.441258266103 71 -0.405241177415 -1.11557696742e-13 2.33550928797e-06 72 0.922443433596
100 -0.441258429024 72 -0.481523031575 -6.95871583013e-14 1.15949418926e-05 73 0.842081128365
100 -0.441258261327 73 -0.404178087271 1.20819742828e-13 2.13763952472e-06 74 0.917123498742
100 -0.441258414619 74 -0.482688282403 -1.30948013934e-13 1.08242022662e-05 75 0.833833288323
100 -0.441258256124 75 -0.402919823635 3.11686789524e-13 1.92130401078e-06 76 0.910955748
100 -0.441258398215 76 -0.484069950438 -3.2547177979e-13 9.94546126143e-06 77 0.824195494566
100 -0.441258250522 77 -0.401423788543 1.7642062873e-13 1.68781537413e-06 78 0.903801768174
100 -0.441258379642 78 -0.485717706962 -1.83367738853e-13 8.94998615286e-06 79 0.812898036474
100 -0.441258244571 79 -0.399632292329 1.31231122838e-13 1.43970970035e-06 80 0.895489158657
100 -0.441258358772 80 -0.487699657816 -2.40399117713e-13 7.83185948228e-06 81 0.799587298657
100 -0.44125823836 81 -0.397465077872 2.59521687791e-13 1.18128152704e-06 82 0.885800384681
100 -0.441258335591 82 -0.490112006748 -2.51473497516e-13 6.59159100047e-06 83 0.78378757603
100 -0.441258232032 83 -0.394806761393 2.67704392826e-13 9.19264617316e-07 84 0.874456382885
100 -0.441258310302 84 -0.493095702305 -9.2715724963e-14 5.24260942214e-06 85 0.764837392886
100 -0.441258225797 85 -0.391484611377 1.80494354068e-13 6.63609630691e-07 86 0.861091589611
100 -0.441258283534 86 -0.496866829122 -3.02552254083e-13 3.82260163523e-06 87 0.741776496098
100 -0.441258219955 87 -0.38722661538 2.91511231285e-13 4.28142273412e-07 88 0.845214357622
100 -0.441258256676 88 -0.501776317378 -1.68852162341e-13 2.41215567187e-06 89 0.713128808098
100 -0.441258214899 89 -0.38157552236 1.05413750035e-13 2.30454083261e-07 90 0.826141538667
100 -0.441258232369 90 -0.508439098829 -1.24558742769e-13 1.1602742247e-06 91 0.676439737323
100 -0.441258211086 91 -0.373692024234 1.27593607503e-13 8.93797736934e-08 92 0.802887047685
100 -0.441258214862 92 -0.518052969968 -9.65348305037e-14 2.94682942936e-07 93 0.627136567139
100 -0.441258208907 93 -0.361827762522 1.35785045342e-13 1.66518485667e-08 94 0.77398086056
100 -0.441258208314 94 -0.533354756463 -1.37115328586e-13 2.33146835171e-15 95 0.555045503612
100 -0.441258208314 95 -0.341530059829 1.72792791064e-13 2.22044604925e-15 96 0.737357161137
100 -0.441258208314 98 -0.651806159988 1.47347412049e-13 -3.99680288865e-15 1 0.428973172288
100 -0.441258208314 97 -0.296190386814 -9.32674076859e-15 4.21884749358e-15 2 0.737357161137
100 -0.441258208314 96 -0.562567327799 2.57669089516e-13 1.55431223448e-15 3 0.555045503612
100 -0.441258208907 95 -0.341530299744 -1.53096588357e-13 1.66518527855e-08 4 0.77398086056
100 -0.441258214862 94 -0.533355464696 -2.84416367275e-14 2.94682913848e-07 5 0.627136567246
100 -0.441258211085 93 -0.361828640858 -6.29314071828e-14 8.93800586876e-08 6 0.802887057261
100 -0.441258232369 92 -0.518054937476 1.19697634237e-13 1.16027896402e-06 7 0.676439747898
100 -0.441258214896 91 -0.373693577364 -7.19134893981e-14 2.30456522532e-07 8 0.826141599486
100 -0.441258256674 90 -0.508441938666 1.61523802688e-13 2.41218791863e-06 9 0.713128875005
100 -0.441258219946 89 -0.381577590184 -2.05784971984e-13 4.28152012955e-07 10 0.845214557571
100 -0.441258283526 88 -0.501779546458 1.83582783578e-13 3.82270683374e-06 11 0.74177671813
100 -0.441258225774 87 -0.387229006669 -1.08499424146e-13 6.63636050335e-07 12 0.861092066328
100 -0.441258310282 86 -0.49687010827 1.903406496e-13 5.24285208936e-06 13 0.764837927235
100 -0.441258231986 85 -0.39148716889 -1.49078606786e-13 9.19321373694e-07 14 0.874457318938
100 -0.441258335549 84 -0.493098826922 1.80892606937e-13 6.59204748665e-06 15 0.783788634073
100 -0.44125823828 83 -0.394809376411 -1.85117315475e-13 1.18138578808e-06 16 0.885801997725
100 -0.441258358698 82 -0.490114860376 2.62584794403e-13 7.83261019155e-06 17 0.79958913573
100 -0.441258244441 81 -0.397467686022 2.87938419208e-14 1.43988097112e-06 18 0.895491689946
100 -0.44125837952 80 -0.487702175171 1.60031655896e-13 8.9511094411e-06 19 0.81290093935
100 -0.441258250326 79 -0.399634864364 -1.96457286694e-13 1.68807439715e-06 20 0.903805471919
100 -0.441258398031 78 -0.485719850384 2.60614050278e-13 9.94702948987e-06 21 0.82419976944
100 -0.441258255845 77 -0.401426321138 -1.54165783329e-13 1.92167174295e-06 22 0.910960882985
100 -0.441258414355 76 -0.484071696068 2.0111169674e-13 1.08262801602e-05 23 0.833839250939
100 -0.441258260944 75 -0.402922331706 -1.24079347532e-13 2.13813651651e-06 24 0.917130322724
100 -0.44125842866 74 -0.482689612439 3.88552444342e-14 1.15975866262e-05 25 0.842089097026
100 -0.441258265599 73 -0.404180598063 1.79839494262e-14 2.33615531497e-06 26 0.922452200473
100 -0.441258441131 72 -0.481523930094 -6.98769384369e-14 1.22705269938e-05 27 0.849159182532
100 -0.441258269799 71 -0.405243726174 -9.32694778344e-14 2.51523878714e-06 28 0.927038745888
100 -0.441258451944 70 -0.480537531451 1.07737955926e-13 1.28544992539e-05 29 0.855215353228
100 -0.441258273548 69 -0.406143870998 6.71095106976e-14 2.67543213539e-06 30 0.930981618722
100 -0.441258461262 68 -0.479702130249 -6.86172581428e-14 1.33582070676e-05 31 0.860390164364
100 -0.441258276855 67 -0.406905727022 -1.87868661871e-13 2.81710870664e-06 32 0.934356021608
100 -0.44125846923 66 -0.478995837811 -1.11877627862e-14 1.37894317562e-05 33 0.864790381113
100 -0.441258279735 65 -0.407548512771 -8.70453408246e-15 2.94082468699e-06 34 0.937223765558
100 -0.441258475973 64 -0.478401525791 -1.81775167835e-14 1.41549581565e-05 35 0.868502337926
100 -0.441258282201 63 -0.408087322032 -2.57929867243e-14 3.04721737843e-06 36 0.939635583754
100 -0.441258481601 62 -0.477905698318 3.59407057067e-14 1.44605789953e-05 37 0.871595837487
100 -0.44125828427 61 -0.408534064052 4.42775258461e-14 3.13693453147e-06 38 0.941632892658
100 -0.441258486201 60 -0.477497699532 -9.65866519794e-14 1.4711134564e-05 39 0.874127024684
100 -0.441258285956 59 -0.408898129511 2.76886058027e-14 3.21058517083e-06 40 0.943249137017
100 -0.441258489847 58 -0.477169147869 8.83116550807e-15 1.49105614179e-05 41 0.876140521133
100 -0.44125828727 57 -0.409186868792 -1.17304630636e-13 3.26870485434e-06 42 0.944510813906
100 -0.441258492594 56 -0.476913527757 1.57502750093e-13 1.50619297792e-05 43 0.877671010586
100 -0.441258288222 55 -0.409405937968 -1.48303664813e-13 3.31172926138e-06 44 0.945438243416
100 -0.441258494484 54 -0.476725895045 1.10945351213e-13 1.51674338973e-05 45 0.878744399696
100 -0.441258288818 53 -0.409559545148 -4.81647091188e-14 3.3399663254e-06 46 0.946046139588
100 -0.441258495535 52 -0.476602676866 2.16960536993e-13 1.52282082424e-05 47 0.879378615414
100 -0.44125828906 51 -0.409650597264 -3.39979625432e-13 3.35350744707e-06 48 0.946344051755
100 -0.44125849209 50 -0.476535488555 3.6584152591e-14 1.52587680896e-05 49 0.879644725217
100 -0.441258285119 49 -0.40968682453 6.52613136058e-15 3.35652791161e-06 50 0.946389932405
100 -0.44125849165 48 -0.476535276822 3.7698549794e-14 1.52387928636e-05 51 0.879434337442
100 -0.441258284719 47 -0.409656622135 -5.23799753571e-15 3.34239968802e-06 52 0.946087280729
100 -0.441258490424 46 -0.476596283319 -1.43190499605e-13 1.51756619993e-05 53 0.878795471652
100 -0.441258283991 45 -0.409565364523 8.7420698393e-14 3.31378617857e-06 54 0.945475176895
100 -0.441258488394 44 -0.476719560861 -1.63481153528e-13 1.5068685921e-05 55 0.87771764965
100 -0.441258282927 43 -0.409411398883 6.02285928108e-14 3.27047406867e-06 56 0.944544000563
100 -0.441258485528 42 -0.476907376233 -1.01134188914e-13 1.4916266074e-05 57 0.876182943777
100 -0.441258281516 41 -0.409191863033 -2.10255979836e-13 3.21211890197e-06 58 0.943278947173
100 -0.441258481781 40 -0.477163248973 -6.43411647745e-15 1.47160279491e-05 59 0.874165461066
100 -0.441258279745 39 -0.408902597253 1.65270551286e-13 3.13826721032e-06 60 0.941659626817
100 -0.441258477093 38 -0.4774920807 -1.1036991091e-13 1.44648125654e-05 61 0.871630522369
100 -0.441258277602 37 -0.40853797792 8.39420018412e-14 3.04837337972e-06 62 0.939659492669
100 -0.441258471389 36 -0.477900359361 -6.84132926091e-14 1.41586332226e-05 63 0.868533502336
100 -0.441258275071 35 -0.408090673938 3.82559821766e-14 2.94182245342e-06 64 0.937245064616
100 -0.441258464579 34 -0.478396449532 1.51119832522e-13 1.37926195e-05 65 0.864818247577
100 -0.441258272135 33 -0.407551305429 -8.60918798816e-14 2.81796309842e-06 66 0.934374900683
100 -0.441258456553 32 -0.478990996761 1.77614980761e-13 1.33609601339e-05 67 0.860414944896
100 -0.44125826878 31 -0.406907968998 -5.97056194225e-14 2.67615589777e-06 68 0.930998249033
100 -0.441258447186 30 -0.479697490629 1.6352213637e-13 1.28568588226e-05 69 0.855237249133
100 -0.44125826499 29 -0.406145574127 -1.04330826883e-13 2.5158435133e-06 70 0.927053284997
100 -0.441258436331 28 -0.480533055655 1.22013673037e-13 1.22725272973e-05 71 0.849178385299
100 -0.441258260756 27 -0.405244904603 -1.72317699389e-13 2.33665194882e-06 72 0.922464796124
100 -0.441258423825 26 -0.481519578351 1.71152093962e-13 1.15992578615e-05 73 0.842105789887
100 -0.441258256074 25 -0.404181268504 -1.72264425252e-13 2.13853579767e-06 74 0.91714111596
100 -0.44125840949 24 -0.482685344262 1.25661399248e-13 1.08276505638e-05 75 0.833853610801
100 -0.441258250952 23 -0.402922514754 -2.89211596972e-13 1.92198444637e-06 76 0.910970010771
100 -0.441258393144 22 -0.484067472074 3.30363666111e-13 9.94812667687e-06 77 0.824211968979
100 -0.441258245416 21 -0.401426043683 -3.08874076862e-13 1.68831142378e-06 78 0.903813069387
100 -0.441258374615 20 -0.485715635164 2.76010232736e-13 8.95196145456e-06 79 0.812911149124
100 -0.441258239518 19 -0.399634163264 -2.62784061868e-13 1.44005340452e-06 80 0.895497892252
100 -0.441258353779 18 -0.487697942205 1.365352872e-13 7.83324613751e-06 81 0.799597526124
100 -0.441258233348 17 -0.397466613301 -2.08695470708e-13 1.18150477924e-06 82 0.885806941473
100 -0.44125833062 16 -0.490110600565 1.78091726479e-13 6.59249788637e-06 83 0.783795376936
100 -0.441258227048 15 -0.394808006192 -8.64232832163e-14 9.19397987076e-07 84 0.874461143076
100 -0.441258305346 14 -0.493094563186 2.13442097655e-13 5.24314888495e-06 85 0.764843197017
100 -0.441258220833 13 -0.391485605909 -1.15824295718e-13 6.63680926882e-07 86 0.861094912399
100 -0.441258278586 12 -0.496865919737 1.18747297152e-13 3.8228829482e-06 87 0.741780692364
100 -0.441258215002 11 -0.387227394971 -1.33524080837e-13 4.28174949274e-07 88 0.845216569309
100 -0.441258251731 10 -0.501775605755 5.53172382846e-14 2.41227647435e-06 89 0.713131734051
100 -0.441258209951 9 -0.381576117124 -4.84278585386e-14 2.30466011164e-07 90 0.826142921842
100 -0.441258227424 8 -0.508438558177 1.10807088331e-14 1.16031201447e-06 91 0.676441673982
100 -0.44125820614 7 -0.373692459393 -3.79885569345e-14 8.938277829e-08 92 0.802887835158
100 -0.441258209916 6 -0.518052577809 -2.21114901562e-14 2.94689180613e-07 93 0.627137742981
100 -0.441258203961 5 -0.361828059404 8.49092285519e-14 1.66522038381e-08 94 0.773981237802
100 -0.441258203369 4 -0.533354492993 -7.68244517481e-14 -2.44249065418e-15 95 0.555046110249
100 -0.441258203369 3 -0.341530237605 5.84361254047e-14 1.99840144433e-15 96 0.737357279826
100 -0.441258203369 0 -0.651806094801 7.4090039659e-14 1.44328993201e-15 1 0.428973388452
100 -0.441258203369 1 -0.2961904647 1.79370407416e-15 -1.33226762955e-15 2 0.737357279826
100 -0.441258203369 2 -0.56256717381 1.97602351149e-14 3.44169137634e-15 3 0.555046110249
100 -0.441258203961 3 -0.341530477525 -4.2147802293e-14 1.66522042822e-08 4 0.773981237802
100 -0.441258209916 4 -0.533355201242 6.05783123859e-14 2.94689172398e-07 5 0.627137742991
100 -0.44125820614 5 -0.361828937768 1.16994024501e-14 8.93828029369e-08 6 0.802887836098
100 -0.441258227424 6 -0.518054545447 -2.84240963692e-14 1.16031247921e-06 7 0.676441675024
100 -0.441258209951 7 -0.373694012056 3.25474824026e-14 2.30466249862e-07 8 0.826142927735
100 -0.441258251731 8 -0.508441399195 -6.03260388692e-14 2.41227954612e-06 9 0.713131740564
100 -0.441258215001 9 -0.38157818131 8.7953809495e-14 4.28175862877e-07 10 0.845216588491
100 -0.441258278585 10 -0.501778840577 -1.26979671352e-13 3.8228928001e-06 11 0.741780713788
100 -0.441258220831 11 -0.387229773123 7.67445367306e-14 6.63683379698e-07 12 0.861094957924
100 -0.441258305344 12 -0.49686921674 -1.48201607507e-13 5.24317139672e-06 13 0.764843248389
100 -0.441258227044 13 -0.391488129946 1.69136227546e-13 9.19403279398e-07 14 0.874461232608
100 -0.441258330616 14 -0.493097730102 -2.3761725145e-13 6.59254017898e-06 15 0.783795478876
100 -0.441258233341 15 -0.394810551834 1.49087770836e-13 1.18151456996e-06 16 0.885807096895
100 -0.441258353772 16 -0.4901135381 -2.01092289522e-13 7.8333161988e-06 17 0.799597704452
100 -0.441258239506 17 -0.397469096178 2.34971293318e-13 1.4400697288e-06 18 0.895498139136
100 -0.441258374604 18 -0.487700606625 -3.16670463723e-13 8.95206776563e-06 19 0.812911434297
100 -0.441258245398 19 -0.399636530332 1.22857951433e-13 1.68833661174e-06 20 0.903813436428
100 -0.441258393127 20 -0.485718013982 -3.55397189542e-13 9.94827799849e-06 21 0.824212395459
100 -0.441258250925 21 -0.401428264817 7.68469896007e-14 1.92202101623e-06 22 0.910970529252
100 -0.441258409465 22 -0.484069569346 -2.19731595115e-13 1.08278557552e-05 23 0.833854216432
100 -0.441258256037 23 -0.402924575894 2.52824018706e-13 2.1385864617e-06 24 0.917141819296
100 -0.44125842379 24 -0.482687171989 -7.9135794597e-14 1.15995258143e-05 25 0.842106615357
100 -0.441258260706 25 -0.40418316649 1.24862528594e-13 2.33671952043e-06 26 0.922465719522
100 -0.441258436284 26 -0.481521151568 -1.06067403667e-13 1.22728668973e-05 27 0.849179473713
100 -0.441258264925 27 -0.405246643436 8.4995283923e-14 2.51593091261e-06 28 0.927054465247
100 -0.441258447124 28 -0.480534389693 -1.32215032922e-13 1.28572790496e-05 29 0.855238645724
100 -0.441258268696 29 -0.406147162322 9.52389175282e-14 2.67626610762e-06 30 0.930999724454
100 -0.441258456473 30 -0.479698599646 -1.33791225711e-13 1.33614701578e-05 31 0.860416696908
100 -0.44125827203 31 -0.406909417746 2.75501497971e-14 2.81809918701e-06 32 0.934376711259
100 -0.441258464477 32 -0.478991893007 -7.55602178049e-14 1.37932289226e-05 33 0.864820404349
100 -0.44125827494 33 -0.407552627344 -6.27685159708e-14 2.94198762218e-06 34 0.937247252374
100 -0.441258471263 34 -0.478397143017 1.63878282807e-13 1.41593524241e-05 35 0.868536115642
100 -0.441258277442 35 -0.408091882209 -5.45083383371e-14 3.04857101896e-06 36 0.939662102381
100 -0.441258476938 36 -0.477900857741 5.49806849896e-14 1.44656532264e-05 37 0.871633647104
100 -0.441258279552 37 -0.408539085769 -7.73967072073e-14 3.13850103728e-06 38 0.941662707205
100 -0.441258481593 38 -0.477492389271 8.21757484108e-15 1.4717003884e-05 39 0.874169156456
100 -0.441258281284 39 -0.408903617597 -5.85472222461e-14 3.21239319589e-06 40 0.943282552885
100 -0.441258485303 40 -0.477163370683 5.97916220658e-14 1.49173945436e-05 41 0.876187275378
100 -0.44125828265 41 -0.409192808318 1.96728823011e-14 3.27079405815e-06 42 0.944548195435
100 -0.441258488125 42 -0.47690731168 5.74813227615e-14 1.50699898012e-05 43 0.877722692656
100 -0.441258283662 43 -0.409412281041 7.3018885182e-14 3.31415871446e-06 44 0.945480039444
100 -0.441258490103 44 -0.476719308207 -9.1872581591e-16 1.51771734389e-05 45 0.878801316477
100 -0.441258284328 45 -0.409566195061 -2.26689699726e-14 3.3428345636e-06 46 0.946092914089
100 -0.441258491269 46 -0.476595838053 -1.16149630061e-13 1.52405602671e-05 47 0.879441099862
100 -0.441258284652 47 -0.409657412324 4.75553298997e-14 3.35704119814e-06 48 0.946396485262
100 -0.441258491179 48 -0.476533858987 5.79684954552e-15 1.52629739167e-05 49 0.879660412214
100 -0.441258284156 49 -0.409688363643 -7.7263529911e-14 3.35744178737e-06 50 0.94640244517
100 -0.441258490781 50 -0.476533785364 -8.61865917176e-14 1.5241974293e-05 51 0.879448298078
100 -0.441258283811 51 -0.409658064228 8.40395376851e-14 3.34315456552e-06 52 0.946098253242
100 -0.441258489592 52 -0.476594885077 -3.58635647221e-13 1.51782618851e-05 53 0.878807916717
100 -0.441258283128 53 -0.409566713587 -4.51325751132e-15 3.31442743162e-06 54 0.9454848251
100 -0.441258487595 54 -0.476718263358 -1.88099563052e-13 1.50708758453e-05 55 0.877728718518
100 -0.441258282102 55 -0.409412642521 7.46199434708e-14 3.27102377384e-06 56 0.944552486999
100 -0.441258484757 56 -0.476906189139 -7.81005170475e-14 1.49181363951e-05 57 0.876192751479
100 -0.441258280723 57 -0.409192993999 4.39702053522e-14 3.21259113589e-06 58 0.94328639843
100 -0.441258481035 58 -0.477162175867 5.12322389373e-14 1.47176348032e-05 59 0.874174110399
100 -0.441258278981 59 -0.408903614462 8.27293250994e-14 3.13867195656e-06 60 0.941666146018
100 -0.441258476369 60 -0.477491120111 -9.11824869082e-15 1.44661942727e-05 61 0.871638108107
100 -0.441258276862 61 -0.408538884495 1.40459069072e-15 3.04871833434e-06 62 0.939665167574
100 -0.441258470684 62 -0.477899506627 2.55369591575e-14 1.41598178577e-05 63 0.868540113275
100 -0.441258274352 63 -0.408091475491 1.25896234898e-14 2.9421139327e-06 64 0.937249972759
100 -0.44125846389 64 -0.478395698179 6.09034036311e-14 1.37936289253e-05 65 0.864823967761
100 -0.441258271435 65 -0.40755200893 -7.38374171646e-14 2.81820660331e-06 66 0.934379112622
100 -0.441258455879 66 -0.478990339379 -1.31484653352e-14 1.33618123714e-05 67 0.860419854451
100 -0.441258268095 67 -0.406908582068 -2.60506846401e-14 2.6763564609e-06 68 0.931001830411
100 -0.441258446524 68 -0.479696919416 -1.23666186883e-13 1.28575696028e-05 69 0.855241424812
100 -0.441258264319 69 -0.406146104608 -4.71515594581e-14 2.51600586032e-06 70 0.927056297837
100 -0.441258435679 70 -0.480532562745 -9.59059390335e-14 1.22731109505e-05 71 0.849181900832
100 -0.441258260097 71 -0.405245360295 1.29538933969e-13 2.33678065653e-06 72 0.922467299627
100 -0.441258423182 72 -0.481519156017 -1.15590588316e-13 1.15997279422e-05 73 0.842108716142
100 -0.441258255425 73 -0.404181657001 9.88630005091e-14 2.13863529397e-06 74 0.917143166949
100 -0.441258408854 74 -0.482684985054 -1.85097529209e-13 1.082802021e-05 75 0.83385601579
100 -0.441258250311 75 -0.402922843334 -2.72369339539e-14 1.9220590437e-06 76 0.910971663867
100 -0.441258392512 76 -0.484067168908 -1.49914802794e-13 9.9484087962e-06 77 0.824213917703
100 -0.441258244781 77 -0.401426319229 1.81121603989e-13 1.68836529735e-06 78 0.903814376978
100 -0.441258373987 78 -0.485715381394 -3.33756033065e-13 8.95216883545e-06 79 0.812912703278
100 -0.441258238888 79 -0.399634392201 3.67739415037e-13 1.44009052527e-06 80 0.895498904282
100 -0.441258353154 80 -0.487697731681 -2.09844010115e-13 7.83339143418e-06 81 0.799598743676
100 -0.441258232721 81 -0.397466801545 2.41297771389e-13 1.18152890427e-06 82 0.885807705087
100 -0.441258329997 82 -0.490110427681 -2.77620401711e-13 6.59259345548e-06 83 0.783796311606
100 -0.441258226424 83 -0.394808159107 3.28485514546e-13 9.19412495803e-07 84 0.874461702138
100 -0.441258304724 84 -0.49309442292 -4.02443323892e-13 5.24320658879e-06 85 0.764843897719
100 -0.44125822021 85 -0.391485728275 3.78554669674e-13 6.63688789815e-07 86 0.861095306966
100 -0.441258277965 86 -0.496865807669 -3.91275492638e-13 3.82291378553e-06 87 0.741781202693
100 -0.44125821438 87 -0.387227490974 4.22706747399e-13 4.28178640322e-07 88 0.845216835103
100 -0.44125825111 88 -0.501775518067 -4.04184620343e-13 2.41229016196e-06 89 0.713132091919
100 -0.44125820933 89 -0.381576190363 4.69698744485e-13 2.30467404494e-07 90 0.82614308985
100 -0.441258226804 90 -0.508438491615 -4.3668581663e-13 1.16031647157e-06 91 0.676441911586
100 -0.441258205519 91 -0.373692512937 4.96538593628e-13 8.93831364479e-08 92 0.802887931494
100 -0.441258209296 92 -0.518052529586 -3.28323949788e-13 2.9468993179e-07 93 0.627137887348
100 -0.441258203341 93 -0.361828095896 3.65563821076e-13 1.66522466927e-08 94 0.773981284079
100 -0.441258202748 94 -0.533354460627 -2.22533166753e-13 1.11022302463e-15 95 0.555046184717
100 -0.441258202748 95 -0.341530259438 3.86347680777e-13 -3.5527136788e-15 96 0.737357294389
