4 -0.404006350946 0 -0.683012701892 -2.98372437868e-16
6 -0.415596188981 1 -0.275540737644 1.17961196366e-16
8 -0.421866574836 2 -0.587354359528 -2.64789275575e-16
10 -0.425803520728 3 -0.321802724232 6.27974345227e-18
12 -0.428507552737 4 -0.554025835837 -2.91473150246e-16
14 -0.43048033299 5 -0.344237857321 -2.11199228732e-15
16 -0.431983571598 6 -0.53576628999 -1.06183035038e-12
16 -0.431983571598 7 -0.352833937692 1.95084017641e-13
16 -0.431983571598 8 -0.535766289982 -1.57850693665e-13
16 -0.431983571598 9 -0.348860535261 1.07241806427e-13
16 -0.431983571598 10 -0.544405019601 -7.21555562473e-14
16 -0.431983571598 11 -0.334222919873 6.10799921541e-14
16 -0.431983571598 16 -0.654357056107 3.75081909976e-14
16 -0.431983571598 15 -0.293102450552 -2.25618135286e-14
16 -0.431983571598 14 -0.568737332566 4.4549162536e-14
16 -0.431983571598 13 -0.334222919873 -4.3416300703e-14
16 -0.431983571598 12 -0.544405019601 5.94378492535e-14
16 -0.431983571598 11 -0.348860535261 -7.63926905159e-14
16 -0.431983571598 10 -0.53576628998 -1.12595573153e-15
16 -0.431983571598 9 -0.352833937695 -1.79970083227e-17
16 -0.431983571598 8 -0.53576628998 1.04065247764e-14
16 -0.431983571598 7 -0.348860535262 1.55639125627e-15
16 -0.431983571598 6 -0.5444050196 -4.61782930716e-16
16 -0.431983571598 5 -0.334222919873 1.65168485804e-15
16 -0.431983571598 0 -0.654357056107 -5.24580379135e-15
16 -0.431983571598 1 -0.293102450553 3.53189699709e-15
16 -0.431983571598 2 -0.568737332565 -1.67305947742e-15
16 -0.431983571598 3 -0.334222919873 2.77562018906e-15
16 -0.431983571598 4 -0.5444050196 -1.75591572363e-14
16 -0.431983571598 5 -0.348860535262 -3.92320189305e-15
16 -0.431983571598 6 -0.53576628998 -5.92535291104e-16
16 -0.431983571598 7 -0.352833937695 -2.22021941681e-15
16 -0.431983571598 8 -0.53576628998 2.73482432977e-16
16 -0.431983571598 9 -0.348860535262 2.22346368767e-15
16 -0.431983571598 10 -0.5444050196 -6.56794549853e-15
16 -0.431983571598 11 -0.334222919873 1.13828962979e-14
16 -0.431983571598 16 -0.654357056107 6.61970478433e-15
16 -0.431983571598 15 -0.293102450553 -5.21284404531e-15
16 -0.431983571598 14 -0.568737332565 5.41596932233e-15
16 -0.431983571598 13 -0.334222919873 3.03398551383e-15
16 -0.431983571598 12 -0.5444050196 1.43445985724e-16
16 -0.431983571598 11 -0.348860535262 -3.49035351497e-15
16 -0.431983571598 10 -0.53576628998 1.24744121622e-14
16 -0.431983571598 9 -0.352833937695 1.02906626562e-15
16 -0.431983571598 8 -0.53576628998 4.17015646717e-15
16 -0.431983571598 7 -0.348860535262 -2.80175252281e-15
16 -0.431983571598 6 -0.5444050196 -3.90595288428e-15
16 -0.431983571598 5 -0.334222919873 5.23882349541e-15
16 -0.431983571598 0 -0.654357056107 8.22605872308e-15
16 -0.431983571598 1 -0.293102450553 -1.38387565296e-15
16 -0.431983571598 2 -0.568737332565 2.03935176038e-14
16 -0.431983571598 3 -0.334222919873 4.28371878239e-16
16 -0.431983571598 4 -0.5444050196 5.28364127369e-16
16 -0.431983571598 5 -0.348860535262 -7.06355598924e-15
16 -0.431983571598 6 -0.53576628998 -3.09005011416e-15
16 -0.431983571598 7 -0.352833937695 2.10140614033e-15
16 -0.431983571598 8 -0.53576628998 7.80171242807e-15
16 -0.431983571598 9 -0.348860535262 -2.2859986797e-16
16 -0.431983571598 10 -0.5444050196 -6.37689484575e-15
16 -0.431983571598 11 -0.334222919873 6.79440338169e-15
