4 -0.404006350946 0 -0.683012701892 -2.98372437868e-16
6 -0.415596188981 1 -0.275540737644 1.17961196366e-16
8 -0.421866574836 2 -0.587354359528 -2.64789275575e-16
10 -0.425803520728 3 -0.321802724232 6.27974345227e-18
12 -0.428507551001 4 -0.554025935499 -2.10695295168e-15
14 -0.430480289243 5 -0.344232517483 -2.43707260793e-17
16 -0.431983467516 6 -0.535776894118 -2.10151584719e-15
16 -0.431983448419 7 -0.352823194474 2.35586734752e-15
16 -0.431983488876 8 -0.535770964807 -1.36821638546e-14
16 -0.431983477703 9 -0.348854996219 7.47828871988e-15
16 -0.431983476258 10 -0.544409150168 9.94934386614e-15
16 -0.431983476258 11 -0.334219298922 -4.39711849458e-15
16 -0.431983476258 16 -0.654359827827 4.31599200823e-15
16 -0.431983476258 15 -0.293100276466 2.9316826744e-15
16 -0.431983476258 14 -0.568740997732 6.44232930891e-16
16 -0.431983477703 13 -0.334219391357 -6.36043101673e-15
16 -0.431983489229 12 -0.544409364918 3.16038749939e-15
16 -0.431983480095 11 -0.348855147747 3.74381828774e-15
16 -0.431983531851 10 -0.535766363977 2.61594267298e-16
16 -0.431983511925 9 -0.352831882743 7.20633005156e-15
16 -0.43198352108 8 -0.535766181156 -7.21515878185e-15
16 -0.431983509518 7 -0.348858884535 3.52925224259e-16
16 -0.431983508072 6 -0.544405410512 -8.84678648969e-15
16 -0.431983508072 5 -0.334221910386 1.01109569849e-14
16 -0.431983508072 0 -0.654358829708 8.31279489688e-15
16 -0.431983508072 1 -0.29310146166 -6.40806852026e-15
16 -0.431983508072 2 -0.568738675203 1.11318289656e-14
16 -0.431983509518 3 -0.334222002906 -7.71412122124e-15
16 -0.43198352108 4 -0.544405625567 -3.18449659817e-16
16 -0.43198351192 5 -0.348859036595 -8.50034620261e-16
16 -0.431983531841 6 -0.535766357862 3.49637751748e-15
16 -0.431983511914 7 -0.352831885948 5.07097719689e-15
16 -0.431983521074 8 -0.535766178744 -9.72160592926e-15
16 -0.431983509512 9 -0.348858886802 1.3174225407e-14
16 -0.431983508066 10 -0.544405408001 -1.07265609697e-14
16 -0.431983508066 11 -0.334221912234 1.17013080095e-14
16 -0.431983508066 16 -0.654358828937 8.65627014512e-15
16 -0.431983508066 15 -0.293101462559 -5.17468012884e-15
16 -0.431983508066 14 -0.568738673473 1.26645469421e-14
16 -0.431983509512 13 -0.334222004755 -6.45098947964e-15
16 -0.431983521074 12 -0.544405623057 1.00994355633e-14
16 -0.431983511914 11 -0.348859038863 -3.45392115567e-15
16 -0.431983531841 10 -0.535766357856 -1.55603340542e-15
16 -0.431983511914 9 -0.352831885951 4.08856101491e-15
16 -0.431983521074 8 -0.535766178742 -1.05472678117e-14
16 -0.431983509512 7 -0.348858886804 4.51917070126e-15
16 -0.431983508066 6 -0.544405407999 -2.42794879254e-15
16 -0.431983508066 5 -0.334221912236 3.10207780424e-15
16 -0.431983508066 0 -0.654358828936 1.29063426613e-15
16 -0.431983508066 1 -0.29310146256 -2.05738204251e-15
16 -0.431983508066 2 -0.568738673471 4.15070538703e-15
16 -0.431983509512 3 -0.334222004757 -6.9671509495e-15
16 -0.431983521074 4 -0.544405623055 6.03686988365e-15
16 -0.431983511914 5 -0.348859038865 -2.47705150425e-15
16 -0.431983531841 6 -0.535766357856 1.36880693683e-15
16 -0.431983511914 7 -0.352831885951 2.39687020079e-15
16 -0.431983521074 8 -0.535766178742 4.8126921285e-15
16 -0.431983509512 9 -0.348858886804 -1.38692592448e-14
16 -0.431983508066 10 -0.544405407999 -1.47626323058e-15
16 -0.431983508066 11 -0.334221912236 2.44413620096e-15
