4 -0.404006350946 0 -0.683012701892 -4.77048955894e-16 5.55111512313e-16 1 0.319368435554
6 -0.415596188981 1 -0.275540737644 -6.93889390391e-18 2.22044604925e-16 2 0.711373047581
8 -0.421866574836 2 -0.587354359528 -2.92612613827e-16 7.21658895309e-07 3 0.456964328298
10 -0.425802248915 3 -0.321755910624 -8.85251073834e-16 8.91423828309e-07 4 0.737677349668
10 -0.425802646724 4 -0.564558299822 2.44021382961e-15 1.72461312242e-06 5 0.492191460565
10 -0.425802032063 5 -0.321759858726 5.18899159752e-16 -8.881784197e-16 6 0.726059739856
10 -0.425802032063 8 -0.658128525954 -9.45424294407e-16 0.0 1 0.407777611083
10 -0.425802032063 7 -0.288382263863 8.881784197e-16 4.66293670343e-15 2 0.726059739856
10 -0.425802646724 6 -0.578453111923 -1.29003795493e-15 1.72461311876e-06 3 0.492191460565
10 -0.425802263234 5 -0.321766152683 -1.36094477701e-15 8.89392668402e-07 4 0.737680039965
10 -0.425802654195 4 -0.56455549613 2.21407636149e-15 1.72502058582e-06 5 0.492195245228
10 -0.425802039411 3 -0.321761317438 -2.04968420708e-16 -4.4408920985e-16 6 0.726060228644
10 -0.425802039411 0 -0.658128196333 1.88737914186e-15 -4.88498130835e-15 1 0.407778728368
10 -0.425802039411 1 -0.288382709254 1.79543879764e-16 -1.55431223448e-15 2 0.726060228644
10 -0.425802654195 2 -0.578452119228 -2.60584604025e-16 1.72502058848e-06 3 0.492195245228
10 -0.425802263202 3 -0.321766151288 -2.34775848935e-15 8.89387490655e-07 4 0.737680038776
10 -0.42580265418 4 -0.564555496352 -3.94717353421e-16 1.7250218467e-06 5 0.492195244475
10 -0.425802039396 5 -0.321761317251 -1.91516182253e-15 -8.881784197e-16 6 0.726060228376
10 -0.425802039396 8 -0.658128196436 6.76542155631e-16 1.66533453694e-15 1 0.407778728019
10 -0.425802039396 7 -0.288382709147 -5.89805981832e-17 -1.33226762955e-15 2 0.726060228376
10 -0.42580265418 6 -0.578452119381 -4.03236471991e-15 1.72502184825e-06 3 0.492195244475
10 -0.425802263202 5 -0.321766151276 -2.31433795739e-15 8.89387467229e-07 4 0.737680038769
10 -0.42580265418 4 -0.564555496355 4.6665687807e-15 1.72502185514e-06 5 0.49219524447
10 -0.425802039396 3 -0.321761317249 -1.995745149e-15 1.55431223448e-15 6 0.726060228375
10 -0.425802039396 0 -0.658128196437 4.2674197509e-16 -3.33066907388e-15 1 0.407778728017
10 -0.425802039396 1 -0.288382709146 4.31946145518e-16 -2.6645352591e-15 2 0.726060228375
10 -0.42580265418 2 -0.578452119382 -3.85680528313e-15 1.72502185547e-06 3 0.49219524447
10 -0.425802263202 3 -0.321766151276 3.59101312054e-16 8.89387469005e-07 4 0.737680038769
10 -0.42580265418 4 -0.564555496355 4.12061877675e-15 1.72502185236e-06 5 0.49219524447
10 -0.425802039396 5 -0.321761317249 -2.48271455477e-15 2.22044604925e-16 6 0.726060228375
