4 -0.404006350946 0 -0.683012701892 -2.98372437868e-16 2.22044604925e-16 0.319368435554
6 -0.415596188981 1 -0.275540737644 1.17961196366e-16 1.99840144433e-15 0.711373047581
8 -0.421866574836 2 -0.587354359528 -2.64789275575e-16 3.40926888165e-07 0.456970219865
10 -0.425802886219 3 -0.321781494921 1.17602796627e-06 1.39934628773e-07 0.737775535938
10 -0.425803149354 4 -0.564556588504 -2.67702790052e-06 8.25266218141e-07 0.492273005029
10 -0.425802840902 5 -0.32178354481 3.02498298615e-06 2.22044604925e-16 0.726132347764
10 -0.425802840902 10 -0.658110128124 4.73981833545e-06 2.10942374679e-15 0.407839970157
10 -0.425802840902 9 -0.288394668112 -1.17142751442e-06 -4.4408920985e-16 0.726132347764
10 -0.425803149354 8 -0.578445181799 2.82812962527e-06 8.25266220472e-07 0.492273005029
10 -0.425802891783 7 -0.321784842892 -3.82455973807e-07 1.40304449614e-07 0.737776467298
10 -0.4258031521 6 -0.564555674251 7.88795118961e-07 8.25334506405e-07 0.492274250085
10 -0.425802843625 5 -0.321784019824 -1.13211815251e-06 1.11022302463e-15 0.726132507057
10 -0.425802843625 0 -0.658110018997 -3.55095747301e-06 -3.5527136788e-15 0.407840340126
10 -0.425802843625 1 -0.288394816282 3.60385791931e-07 1.66533453694e-15 0.726132507057
10 -0.4258031521 2 -0.578444853257 -1.32199309158e-06 8.25334508292e-07 0.492274250085
10 -0.425802891776 3 -0.321784843278 3.80969376254e-07 1.40305236429e-07 0.737776467451
10 -0.425803152096 4 -0.564555674089 -7.87462813108e-07 8.25334714238e-07 0.492274250279
10 -0.425802843622 5 -0.321784019884 1.13088106821e-06 3.33066907388e-16 0.726132507051
10 -0.425802843622 10 -0.658110018985 3.55034936037e-06 9.99200722163e-16 0.407840340164
10 -0.425802843622 9 -0.288394816304 -3.59797005838e-07 -1.55431223448e-15 0.726132507051
10 -0.425803152096 8 -0.57844485319 1.32096351036e-06 8.25334715238e-07 0.492274250279
10 -0.425802891776 7 -0.32178484326 -3.80998539741e-07 1.40305098872e-07 0.737776467458
10 -0.425803152096 6 -0.564555674093 7.8752554135e-07 8.25334665611e-07 0.492274250286
10 -0.425802843622 5 -0.321784019876 -1.13096380586e-06 -1.99840144433e-15 0.726132507066
10 -0.425802843622 0 -0.658110018982 -3.55057509385e-06 3.5527136788e-15 0.407840340174
10 -0.425802843622 1 -0.288394816305 3.59833988512e-07 -8.881784197e-16 0.726132507065
10 -0.425803152096 2 -0.578444853188 -1.32106939783e-06 8.25334665611e-07 0.492274250286
10 -0.425802891776 3 -0.321784843252 3.81017596159e-07 1.40305004281e-07 0.737776467463
10 -0.425803152096 4 -0.564555674095 -7.87564714785e-07 8.25334635968e-07 0.492274250291
10 -0.425802843622 5 -0.321784019872 1.13101526076e-06 -1.55431223448e-15 0.726132507074
